african_great_lakes={
	location=4064
	color={
		57 168 220 
	}
	inland=yes
	outgoing={
		name="zanzibar"
		path={
			1649 4054 1273 1202 
		}
		control={
			2659.000000 1647.000000 
		}
	}
	outgoing={
		name="kongo"
		path={
			4063 4070 4099 
		}
		control={
			3049.000000 999.000000 3034.000000 973.000000 
		}
	}
	members={
		1273 1649 1925 4053 4054 4055 4056 4057 4058 4059 4060 4061 4062 4063 4064 4065 4066 4067 4068 4069 4070 4071 4072 4073 4074 4075 4076 4077 5342 5315 5327 5322 5323 5325 5326 5328 5331 5344 5346 5320 
	}
}
kongo={
	location=4097
	color={
		171 148 148 
	}
	inland=yes
	outgoing={
		name="ivory_coast"
		path={
			1170 1464 
		}
		control={
			2873.000000 949.000000 
		}
	}
	outgoing={
		name="zambezi"
		path={
			4046 1191 1187 
		}
		control={
			3028.000000 862.000000 3068.000000 822.000000 
		}
	}
	members={
		798 1169 1170 1901 2948 2949 4081 4082 4083 4084 4085 4086 4087 4088 4089 4090 4091 4092 4093 4094 4095 4096 4107 4098 4100 4101 4102 4103 4097 4099 4105 4109 5347 5353 5354 5355 5356 5357 5358 5359 5360 5361 5362 5363 5364 5365 5366 5367 5369 5370 5371 5372 5373 5374 5375 5376 5377 5378 5379 5380 5381 5382 5383 5384 5385 5386 5387 
	}
}
zambezi={
	location=1191
	color={
		32 164 51 
	}
	inland=yes
	outgoing={
		name="zanzibar"
		path={
			1192 1195 1196 
		}
		control={
			3106.000000 800.000000 3146.000000 856.000000 
		}
	}
	members={
		1184 1185 1187 1188 1189 1190 1191 2950 2951 2952 4034 4035 4036 4037 4038 4039 4040 4041 4042 4043 4044 4045 4046 4047 4048 4050 4104 4106 4108 5337 5282 5291 5292 5294 
	}
}
antarctica={
	location=6385
	color={
		240 240 255 
	}
	outgoing={
		name="patagonia"
		path={
			5204 1595 1538 
		}
		control={
			2197.000000 235.000000 2176.000000 304.000000 
		}
	}
	outgoing={
		name="cape_of_good_hope"
		path={
			5200 1594 1607 1605 1604 1602 
		}
		control={
			2275.000000 247.000000 2301.000000 330.000000 2464.000000 319.000000 2573.000000 390.000000 2672.000000 451.000000 
		}
	}
	outgoing={
		name="australia"
		path={
			5246 5207 5247 5248 5249 5215 5251 6139 6155 1429 
		}
		control={
			2125.000000 239.000000 2016.000000 211.000000 1877.000000 211.000000 1765.000000 206.000000 1679.000000 192.000000 1582.000000 148.000000 1501.000000 197.000000 675.000000 162.000000 5148.000000 496.000000 
		}
	}
	members={
		1781 1782 1783 1807 6267 6268 6269 6270 6271 6272 6273 6274 6275 6276 6277 6278 6279 6281 6282 6378 6379 6380 6381 6382 6383 6384 6385 6386 6387 6388 6389 6390 6391 6392 6393 6394 6395 
	}
}
patagonia={
	location=2868
	outgoing={
		name="laplata"
		path={
			1537 1536 
		}
		control={
			2100.000000 473.000000 
		}
	}
	members={
		2868 2876 2869 786 2873 2874 780 781 782 783 2870 2875 2863 784 787 2862 785 2867 2871 2872 5131 
	}
}
amazonas_node={
	location=2935
	outgoing={
		name="brazil"
		path={
			1529 1530 1531 
		}
		control={
			2183.000000 1032.000000 2278.000000 986.000000 
		}
	}
	outgoing={
		name="carribean_trade"
		path={
			1529 1528 1576 1522 1520 1519 1517 1516 
		}
		control={
			2183.000000 1032.000000 2138.000000 1084.000000 2122.000000 1195.000000 2032.000000 1171.000000 1976.000000 1173.000000 1927.000000 1182.000000 1873.000000 1208.000000 
		}
	}
	members={
		2909 2910 2911 2929 2930 2931 2933 2934 2935 2889 2937 2938 2804 2811 742 744 747 748 749 2890 2923 2924 2926 2927 2928 745 746 2936 502 743 2803 752 2886 2925 6196 6197 6198 6199 6200 6201 6202 6203 6204 6205 6206 6207 6208 6209 6210 6211 6212 6213 6214 6215 6216 6217 6218 6219 6220 
	}
}
rio_grande={
	location=2499
	outgoing={
		name="mississippi_river"
		path={
			1508 1507 
		}
		control={
			1681.000000 1365.000000 
		}
	}
	outgoing={
		name="mexico"
		path={
			1508 1509 2647 2646 
		}
		control={
			1681.000000 1365.000000 1655.000000 1305.000000 1639.000000 1264.000000 
		}
	}
	members={
		863 864 2498 2618 861 2614 2619 2666 2667 858 2499 2668 880 881 2495 875 878 2493 2494 882 885 2496 2497 883 886 2500 884 887 888 2665 2669 4606 4627 4629 4628 4644 4630 4631 4632 4909 4910 4911 6164 6165 6166 6167 6168 6169 6170 6171 
	}
}
alaska={
	location=5052
	outgoing={
		name="california"
		path={
			5051 2613 1560 1559 1558 1557 1556 
		}
		control={
			1518.000000 1794.000000 1496.000000 1765.000000 1435.000000 1753.000000 1452.000000 1695.000000 1451.000000 1633.000000 1412.000000 1573.000000 
		}
	}
	outgoing={
		name="girin"
		path={
			5047 5046 978 1561 1681 6130 6147 1668 1442 1441 1440 1387 1980 1388 1378 
		}
		control={
			1473.000000 1834.000000 1444.000000 1815.000000 1394.000000 1795.000000 1349.000000 1749.000000 1206.000000 1690.000000 508.000000 1614.000000 5086.000000 1689.000000 4369.000000 1687.000000 4272.000000 1690.000000 4227.000000 1616.000000 4245.000000 1515.000000 4142.000000 1551.000000 4118.000000 1543.000000 4096.000000 1516.000000 
		}
	}
	members={
		977 978 2611 2612 2613 5033 5034 5035 5036 5037 5038 5039 5040 5041 5042 5043 5044 5045 5046 5047 5048 5049 5050 5051 5052 6112 6113 6114 6115 6116 6117 6118 6119 6120 6121 6122 
	}
}
north_west_canada={
	location=1914
	color={
		0 54 35 
	}
	outgoing={
		name="james_bay"
		path={
			6072 6069 6068 6076 1006 1005 2592 1004 
		}
		control={
			1729.000000 1783.000000 1767.000000 1792.000000 1784.000000 1773.000000 1829.000000 1764.000000 1854.000000 1755.000000 1866.000000 1735.000000 1899.000000 1723.000000 
		}
	}
	outgoing={
		name="california"
		path={
			5053 6111 6093 6096 6091 975 1559 1558 1557 1556 
		}
		control={
			1691.000000 1779.000000 1656.000000 1770.000000 1625.000000 1747.000000 1575.000000 1729.000000 1535.000000 1708.000000 1506.000000 1694.000000 1452.000000 1695.000000 1451.000000 1633.000000 1412.000000 1573.000000 
		}
	}
	members={
		1914 1811 1812 5006 5007 5008 5011 5012 5013 5014 5018 5019 5020 5021 5022 5023 3024 5026 5027 5028 5029 5030 5031 5032 5053 5054 5055 5056 5057 6068 6069 6070 6071 6072 6073 6074 6075 6076 6077 6078 6079 6080 6081 6082 6083 6084 6090 6091 6092 6093 6094 6095 6096 6097 6098 6099 6100 6101 6102 6103 6104 6105 6106 6107 6108 6109 6110 6111 5024 
	}
}
california={
	location=2021
	outgoing={
		name="mexico"
		path={
			1556 1555 1554 1552 1551 
		}
		control={
			1400.000000 1496.000000 1428.000000 1399.000000 1492.000000 1299.000000 1541.000000 1242.000000 
		}
	}
	outgoing={
		name="mississippi_river"
		path={
			872 873 2019 2020 2006 2008 903 902 900 895 2014 893 1507 
		}
		control={
			1467.000000 1589.000000 1492.000000 1606.000000 1556.000000 1599.000000 1581.000000 1576.000000 1617.000000 1603.000000 1686.000000 1602.000000 1711.000000 1561.000000 1725.000000 1519.000000 1746.000000 1520.000000 1734.000000 1444.000000 1720.000000 1423.000000 1734.000000 1399.000000 
		}
	}
	outgoing={
		name="girin"
		path={
			1557 1684 1686 6130 6147 1668 1669 1440 1387 1980 1850 2106 2108 730 
		}
		control={
			1412.000000 1573.000000 1308.000000 1571.000000 1163.000000 1578.000000 508.000000 1614.000000 5086.000000 1689.000000 4369.000000 1687.000000 4396.000000 1516.000000 4245.000000 1515.000000 4142.000000 1551.000000 4118.000000 1543.000000 4080.000000 1594.000000 4046.000000 1586.000000 4035.000000 1568.000000 
		}
	}
	outgoing={
		name="polynesia_node"
		path={
			1556 1687 1693 1699 
		}
		control={
			1400.000000 1496.000000 1307.000000 1430.000000 1226.000000 1296.000000 
		}
	}
	members={
		855 859 862 877 2616 865 866 2620 868 871 869 2021 2476 867 876 879 2491 870 2477 2478 2479 2480 872 2481 2482 2483 873 2486 2487 2488 2019 2020 2506 2489 2490 874 2484 2485 2003 2604 2605 2606 2607 972 973 974 2610 975 2022 2609 976 4648 4646 4650 4633 4577 4639 4635 4636 4637 4634 4649 4578 4647 860 2492 6161 6162 6163 6172 6173 6174 6175 6176 6177 6178 6179 6180 6181 6182 6183 6184 6185 6186 6187 6188 6189 6190 6191 6192 6193 6194 6195 
	}
}
girin={
	location=730
	color={
		41 82 45 
	}
	outgoing={
		name="siberia"
		path={
			2109 722 721 1057 1060 1062 1064 
		}
		control={
			3984.000000 1593.000000 3952.000000 1588.000000 3885.000000 1613.000000 3763.000000 1670.000000 3712.000000 1701.000000 3622.000000 1741.000000 
		}
	}
	outgoing={
		name="beijing"
		path={
			2110 726 704 1816 
		}
		control={
			3991.000000 1575.000000 3978.000000 1560.000000 3954.000000 1550.000000 
		}
	}
	outgoing={
		name="nippon"
		path={
			732 1377 1376 
		}
		control={
			4032.000000 1532.000000 4051.000000 1522.000000 
		}
	}
	members={
		1850 1049 2107 2108 2111 2106 2186 1058 2102 2104 1053 2103 1034 1035 1036 1037 1038 1039 1040 1041 1042 1043 1044 1046 1047 1052 2438 2439 2440 2446 1055 1056 1057 730 2110 2188 4201 1033 1048 1050 4214 4216 729 731 2105 4215 4217 722 2109 2187 4202 4203 724 725 4218 727 728 2185 4200 4654 4655 4656 4658 4659 4660 4661 4662 4653 4663 4664 4665 4674 4675 4672 2115 5093 5094 5095 5096 5097 
	}
}
mississippi_river={
	location=1507
	outgoing={
		name="carribean_trade"
		path={
			1506 1505 1525 1516 
		}
		control={
			1796.000000 1366.000000 1830.000000 1329.000000 1869.000000 1307.000000 
		}
	}
	outgoing={
		name="ohio"
		path={
			921 2528 939 
		}
		control={
			1737.000000 1409.000000 1747.000000 1446.000000 
		}
	}
	members={
		893 2014 2516 900 902 2513 2514 894 895 897 924 925 2531 2532 919 920 2528 2529 918 939 934 899 2509 2515 889 890 2507 2625 891 892 896 898 901 903 2508 2672 921 922 923 2530 2533 905 907 2007 1809 2008 2009 2504 2505 904 908 2512 1507 4883 4884 4885 4886 4900 4901 4905 4906 4908 4913 4914 4915 4916 4923 
	}
}
ohio={
	location=2526
	color={
		129 214 238 
	}
	inland=yes
	outgoing={
		name="chesapeake_bay"
		path={
			948 2011 
		}
		control={
			1855.000000 1526.000000 
		}
	}
	outgoing={
		name="st_lawrence"
		path={
			946 991 992 993 990 994 986 
		}
		control={
			1851.000000 1547.000000 1928.000000 1609.000000 1951.000000 1610.000000 1973.000000 1607.000000 1992.000000 1619.000000 2012.000000 1625.000000 
		}
	}
	members={
		987 989 2585 2670 988 2586 2587 2671 991 1001 1007 2015 910 911 2517 2518 912 913 914 915 916 917 2519 2520 944 945 2521 2522 942 943 2523 2524 946 947 948 2525 954 2555 2556 955 2557 951 2526 2551 940 941 958 959 960 961 964 963 2559 4912 4872 4875 4876 4887 4888 4889 4898 4899 4903 4904 4907 4921 4922 
	}
}
mexico={
	location=1551
	color={
		0 176 0 
	}
	outgoing={
		name="carribean_trade"
		path={
			847 848 1510 1511 1512 1518 1516 
		}
		control={
			1629.000000 1234.000000 1632.000000 1278.000000 1681.000000 1275.000000 1727.000000 1328.000000 1779.000000 1310.000000 1819.000000 1272.000000 
		}
	}
	outgoing={
		name="panama"
		path={
			1550 1549 1548 835 
		}
		control={
			1660.000000 1196.000000 1730.000000 1153.000000 1803.000000 1107.000000 
		}
	}
	outgoing={
		name="polynesia_node"
		path={
			1701 1707 1716 1715 1699 6133 
		}
		control={
			1575.000000 1115.000000 1487.000000 1113.000000 1371.000000 1105.000000 1153.000000 1127.000000 1075.000000 1288.000000 
		}
	}
	members={
		1551 854 2617 2621 2657 851 2622 2623 2624 2643 849 2627 2645 2648 850 852 2626 2628 2644 848 2630 2631 2641 2647 844 847 2629 2646 2632 2635 2638 2649 841 842 843 2636 2653 845 2633 2650 2651 846 2634 2652 853 856 857 2615 2642 4589 4594 4587 4586 4585 4588 4591 4590 4584 4582 4598 4583 4581 4571 4570 4572 4641 4573 4575 4580 4574 4579 4576 4640 4642 4643 4645 839 
	}
}
lhasa={
	location=677
	inland=yes
	outgoing={
		name="lahore"
		path={
			2129 2128 2074 508 
		}
		control={
			3648.000000 1450.000000 3578.000000 1437.000000 3539.000000 1466.000000 
		}
	}
	outgoing={
		name="chengdu"
		path={
			2132 2167 675 679 
		}
		control={
			3787.000000 1387.000000 3809.000000 1362.000000 3847.000000 1382.000000 
		}
	}
	outgoing={
		name="ganges_delta"
		path={
			562 4479 
		}
		control={
			3689.000000 1362.000000 
		}
	}
	members={
		2129 2128 676 705 706 2134 4204 677 2130 4205 565 4481 4482 557 2070 2071 4483 4485 4514 4515 4516 4517 4518 4519 4520 4522 1787 1788 
	}
}
chengdu={
	location=679
	inland=yes
	outgoing={
		name="canton"
		path={
			680 673 2163 665 667 1371 
		}
		control={
			3879.000000 1417.000000 3889.000000 1380.000000 3897.000000 1348.000000 3938.000000 1320.000000 3951.000000 1323.000000 
		}
	}
	outgoing={
		name="xian"
		path={
			2169 689 700 
		}
		control={
			3866.000000 1440.000000 3872.000000 1456.000000 
		}
	}
	outgoing={
		name="burma"
		path={
			675 2167 2166 583 2400 
		}
		control={
			3847.000000 1382.000000 3809.000000 1362.000000 3799.000000 1323.000000 3795.000000 1312.000000 
		}
	}
	members={
		2132 2167 678 2135 2131 2133 660 661 2165 2166 679 680 4212 2169 2170 4211 675 2168 2748 4213 
	}
}
burma={
	location=584
	color={
		35 229 76 
	}
	outgoing={
		name="ganges_delta"
		path={
			4396 1815 
		}
		control={
			3764.000000 1258.000000 
		}
	}
	outgoing={
		name="gulf_of_siam"
		path={
			4395 585 586 590 2403 4835 4834 600 4831 1365 
		}
		control={
			3770.000000 1277.000000 3770.000000 1260.000000 3771.000000 1242.000000 3784.000000 1245.000000 3795.000000 1228.000000 3804.000000 1209.000000 3812.000000 1214.000000 3821.000000 1206.000000 3822.000000 1196.000000 
		}
	}
	members={
		570 573 2041 584 2399 581 2398 580 4393 2397 566 571 2040 2042 4440 4394 4396 585 4395 583 588 2400 4397 4406 587 2401 4398 582 2395 2396 4404 4405 567 2091 4473 1815 4399 586 590 2403 1950 4400 
	}
}
gulf_of_siam={
	location=1365
	color={
		84 152 93 
	}
	outgoing={
		name="malacca"
		path={
			1364 1362 1361 
		}
		control={
			3861.000000 1128.000000 3880.000000 1083.000000 
		}
	}
	outgoing={
		name="canton"
		path={
			1365 1364 1366 1369 1370 
		}
		control={
			3831.000000 1163.000000 3861.000000 1128.000000 3920.000000 1156.000000 3942.000000 1209.000000 
		}
	}
	members={
		592 600 601 602 603 604 605 606 609 607 608 611 612 614 615 1817 1823 1844 1022 2374 2375 2376 2377 2378 2379 2380 2381 2382 2383 2384 2385 2386 2387 2388 2389 591 2404 2371 1365 589 4822 4823 4824 4825 4826 4827 4828 4829 4830 4831 4832 4833 4834 4835 4836 4838 4839 4840 4841 4842 
	}
}
canton={
	location=1371
	outgoing={
		name="malacca"
		path={
			1394 1367 1362 1361 
		}
		control={
			3988.000000 1226.000000 3956.000000 1142.000000 3880.000000 1083.000000 
		}
	}
	outgoing={
		name="hangzhou"
		path={
			1372 1824 684 
		}
		control={
			4017.000000 1353.000000 4003.000000 1391.000000 
		}
	}
	outgoing={
		name="philippines"
		path={
			1394 1397 
		}
		control={
			3988.000000 1226.000000 
		}
	}
	members={
		2161 1371 610 613 616 664 665 666 667 668 672 738 1016 1840 2154 2155 2156 2157 2158 2159 2160 2162 2163 2164 2173 2174 2372 2373 662 663 673 674 4199 4820 4819 4821 
	}
}
philippines={
	location=1397
	outgoing={
		name="the_moluccas"
		path={
			1399 1357 
		}
		control={
			4095.000000 1037.000000 
		}
	}
	outgoing={
		name="polynesia_node"
		path={
			1403 1434 1676 1698 1691 
		}
		control={
			4227.000000 1105.000000 4368.000000 1054.000000 4498.000000 1047.000000 4543.000000 1145.000000 
		}
	}
	members={
		1397 2701 2702 4355 652 653 4354 654 2700 4351 4352 4353 651 655 4356 657 658 2698 4348 656 2697 2699 4349 4350 
	}
	ai_will_propagate_through_trade=yes
}
polynesia_node={
	location=1997
	color={
		220 138 57 
	}
	outgoing={
		name="nippon"
		path={
			1672 1671 1439 1437 1390 
		}
		control={
			4560.000000 1426.000000 4431.000000 1401.000000 4279.000000 1425.000000 4164.000000 1358.000000 
		}
	}
	outgoing={
		name="australia"
		path={
			1692 1698 1734 1433 1732 1430 
		}
		control={
			4675.000000 1337.000000 4543.000000 1145.000000 4658.000000 1064.000000 4655.000000 944.000000 4681.000000 822.000000 
		}
	}
	outgoing={
		name="panama"
		path={
			1736 1740 1741 1711 1708 1702 1547 1548 835 
		}
		control={
			1153.000000 961.000000 1324.000000 954.000000 1437.000000 767.000000 1490.000000 929.000000 1632.000000 931.000000 1711.000000 970.000000 1782.000000 1067.000000 1803.000000 1107.000000 
		}
	}
	members={
		1107 2737 1108 2739 1106 1238 1242 1244 1989 1243 1990 1992 1240 1997 1235 1995 1996 1241 1991 1993 1994 1988 1986 1236 1987 1239 1109 1246 2738 4934 4935 4936 4937 4938 4939 
	}
	ai_will_propagate_through_trade=yes
}
australia={
	location=1411
	outgoing={
		name="the_moluccas"
		path={
			1411 1407 1410 1409 1401 1357 
		}
		control={
			4379.000000 714.000000 4333.000000 858.000000 4247.000000 863.000000 4210.000000 936.000000 4137.000000 935.000000 
		}
	}
	members={
		1085 1086 1087 1088 1089 1090 1091 1092 1093 1094 1084 2726 2727 2728 2729 2730 2731 2732 2733 2734 2735 2736 1411 4846 4847 4848 4849 4850 4851 4852 4853 4854 4855 4856 4857 4858 4859 4860 4861 4862 4863 4864 4865 4866 4867 4868 4869 5114 5115 5116 5117 5118 5119 5132 5133 6221 6222 6223 6224 6225 6226 6227 6228 6229 6230 6231 6232 6233 6234 6235 6236 6237 6238 6239 6240 6241 6242 6243 6244 6245 6246 6247 6248 6249 6250 6251 6252 6253 6254 6255 6256 6257 6258 6259 6353 6354 6355 6356 6357 6358 6359 
	}
}
nippon={
	location=1376
	outgoing={
		name="hangzhou"
		path={
			1389 1373 684 
		}
		control={
			4066.000000 1427.000000 4015.000000 1426.000000 
		}
	}
	members={
		1376 1012 1014 1017 1018 1019 1020 1021 1023 1024 1025 1026 1027 1028 1029 1030 1031 1032 1818 1819 1820 1825 1830 1832 1835 1837 1839 1843 1847 1852 4131 4180 4181 4182 4183 4184 4185 4186 4187 4188 4189 4190 4191 4192 4193 1015 4359 4360 4651 1845 2744 4232 732 2742 2743 733 735 4230 4231 734 736 2694 2745 4227 737 1013 2741 4228 4229 
	}
}
hangzhou={
	location=684
	outgoing={
		name="xian"
		path={
			686 687 1836 700 
		}
		control={
			3963.000000 1421.000000 3916.000000 1455.000000 3910.000000 1470.000000 
		}
	}
	outgoing={
		name="beijing"
		path={
			684 1373 1374 1375 
		}
		control={
			3989.000000 1416.000000 4015.000000 1426.000000 4012.000000 1476.000000 
		}
	}
	outgoing={
		name="malacca"
		path={
			1373 1392 1393 1395 1368 1360 1361 
		}
		control={
			4015.000000 1426.000000 4075.000000 1364.000000 4040.000000 1286.000000 4027.000000 1194.000000 4012.000000 1125.000000 3924.000000 973.000000 
		}
	}
	members={
		669 670 671 683 684 685 686 1821 1822 1824 1829 1833 1838 1897 2143 2144 2145 2146 2147 2148 2149 2150 2151 2152 2153 2141 2142 4196 
	}
}
xian={
	location=700
	inland=yes
	outgoing={
		name="beijing"
		path={
			1836 692 2137 2140 691 2138 1375 
		}
		control={
			3910.000000 1470.000000 3923.000000 1485.000000 3930.000000 1490.000000 3948.000000 1479.000000 3947.000000 1493.000000 3954.000000 1500.000000 
		}
	}
	outgoing={
		name="yumen"
		path={
			689 698 706 707 
		}
		control={
			3872.000000 1456.000000 3849.000000 1512.000000 3748.000000 1494.000000 
		}
	}
	members={
		687 1836 2181 2180 698 699 688 692 2183 2175 2176 681 682 2171 2172 4197 689 700 2179 4198 701 709 2191 4223 4676 
	}
}
beijing={
	location=4233
	outgoing={
		name="yumen"
		path={
			695 696 697 701 709 707 
		}
		control={
			3939.000000 1509.000000 3926.000000 1512.000000 3910.000000 1528.000000 3870.000000 1526.000000 3831.000000 1535.000000 
		}
	}
	members={
		690 691 702 2138 2139 2140 2114 2747 703 1816 2136 4194 695 696 2137 4195 704 726 2112 2113 693 694 697 2177 2178 4233 4652 4671 4670 
	}
}
the_moluccas={
	location=1357
	color={
		84 12 93 
	}
	outgoing={
		name="malacca"
		path={
			1358 1360 
		}
		control={
			4001.000000 954.000000 
		}
	}
	members={
		646 2687 2688 2689 2690 2718 2724 1357 1245 647 645 2717 648 649 650 2725 2696 2695 635 633 634 643 2713 2714 642 2715 641 2716 632 627 2691 631 2693 629 2692 628 626 625 630 624 644 2723 2722 2721 1237 2720 2719 1789 4790 4791 4792 4793 4794 4795 4796 4797 4798 4845 5120 5121 
	}
	ai_will_propagate_through_trade=yes
}
siberia={
	location=1064
	inland=yes
	outgoing={
		name="kazan"
		path={
			1062 1064 480 479 472 475 1082 
		}
		control={
			3622.000000 1741.000000 3512.000000 1751.000000 3503.000000 1710.000000 3399.000000 1685.000000 3274.000000 1654.000000 3233.000000 1721.000000 
		}
	}
	outgoing={
		name="samarkand"
		path={
			480 478 477 1969 457 454 
		}
		control={
			3503.000000 1710.000000 3457.000000 1663.000000 3433.000000 1621.000000 3411.000000 1577.000000 3430.000000 1551.000000 
		}
	}
	members={
		1071 479 1054 1059 1061 1062 1063 1064 1067 1068 1070 480 1069 1073 1074 1080 1078 1075 1076 2357 2369 2427 2428 2429 2430 2431 2432 2433 2434 2436 2437 2442 2443 2445 1072 1780 1045 2435 1051 2441 2354 716 1065 1066 1060 4679 4686 4687 4688 4689 4690 4691 4692 5079 5080 5081 5082 5083 5084 5085 5086 5087 5088 5089 5090 5091 5092 5098 5099 5100 5101 5102 5103 5104 5105 5106 5107 5108 5109 5110 5111 5112 5113 
	}
}
yumen={
	location=707
	inland=yes
	outgoing={
		name="samarkand"
		path={
			713 1786 739 1785 452 1967 454 
		}
		control={
			3636.000000 1570.000000 3588.000000 1519.000000 3500.000000 1530.000000 3497.000000 1500.000000 3470.000000 1496.000000 3432.000000 1533.000000 
		}
	}
	members={
		710 1786 707 708 711 714 719 1784 2118 2119 2123 2189 2190 2194 2182 2184 2122 4206 4207 717 721 2116 4219 4220 720 2193 4221 713 715 2120 4208 718 2117 4222 712 2121 2192 4673 4666 4667 723 4669 4668 4681 4683 4682 4678 4677 4680 4684 4693 
	}
}
malacca={
	location=1361
	outgoing={
		name="ganges_delta"
		path={
			1348 1347 1345 1344 1343 
		}
		control={
			3798.000000 1101.000000 3780.000000 1156.000000 3769.000000 1207.000000 3727.000000 1254.000000 
		}
	}
	outgoing={
		name="cape_of_good_hope"
		path={
			1352 1624 1623 1647 1630 1626 1459 
		}
		control={
			3828.000000 929.000000 3721.000000 904.000000 3634.000000 872.000000 3450.000000 756.000000 3301.000000 669.000000 3151.000000 567.000000 
		}
	}
	members={
		593 594 595 596 597 598 599 617 618 619 620 621 622 623 636 637 638 639 640 659 1361 2390 2391 2392 2393 2394 2673 2674 2675 2676 2677 2678 2679 2680 2681 2682 2683 2684 2685 2686 2703 2704 2705 2706 2707 2708 2709 2710 2711 2712 2740 4799 4800 4801 4802 4803 4804 4805 4806 4807 4809 4810 4811 4812 4813 4814 4815 4816 4817 4818 
	}
	ai_will_propagate_through_trade=yes
}
ganges_delta={
	location=1343
	outgoing={
		name="comorin_cape"
		path={
			1342 1341 1340 
		}
		control={
			3644.000000 1242.000000 3616.000000 1193.000000 
		}
	}
	outgoing={
		name="doab"
		path={
			1343 4476 563 2044 558 2095 556 2063 
		}
		control={
			3695.000000 1285.000000 3687.000000 1321.000000 3688.000000 1331.000000 3668.000000 1352.000000 3645.000000 1342.000000 3623.000000 1342.000000 3597.000000 1344.000000 
		}
	}
	members={
		1343 553 2082 4447 4451 4452 547 2048 4445 4446 4448 561 2081 4476 4477 564 2039 4474 4475 4478 552 2038 2043 2049 4441 560 2096 4450 4470 4471 562 2045 2046 4486 563 2044 4479 568 579 2402 558 4469 4472 4489 2047 4484 4487 4488 
	}
}
doab={
	location=524
	color={
		236 162 19 
	}
	inland=yes
	outgoing={
		name="deccan"
		path={
			525 740 2057 
		}
		control={
			3556.000000 1353.000000 3559.000000 1330.000000 
		}
	}
	outgoing={
		name="lahore"
		path={
			522 2062 4411 
		}
		control={
			3552.000000 1386.000000 3543.000000 1401.000000 
		}
	}
	members={
		522 2060 2062 2061 4498 4499 519 520 2064 4500 523 2094 4494 4495 4497 555 2055 2095 4490 524 556 2063 4496 525 528 740 4464 4465 559 2059 4459 4466 4467 2097 2098 4468 4491 4492 554 509 511 2069 4493 
	}
}
lahore={
	location=507
	color={
		63 150 30 
	}
	inland=yes
	outgoing={
		name="samarkand"
		path={
			578 451 450 453 454 
		}
		control={
			3473.000000 1450.000000 3438.000000 1464.000000 3424.000000 1484.000000 3403.000000 1512.000000 
		}
	}
	outgoing={
		name="persia"
		path={
			578 451 450 446 2221 2235 2214 
		}
		control={
			3473.000000 1450.000000 3438.000000 1464.000000 3424.000000 1484.000000 3364.000000 1464.000000 3337.000000 1483.000000 3313.000000 1474.000000 
		}
	}
	outgoing={
		name="gujarat"
		path={
			506 2072 
		}
		control={
			3490.000000 1410.000000 
		}
	}
	members={
		1785 2200 508 2073 2074 4449 4521 507 2075 2076 4510 4513 506 2079 2086 4508 4509 2077 2078 4511 510 2065 4411 4463 576 577 2068 448 451 452 578 2226 447 449 2225 450 2227 2228 
	}
}
deccan={
	location=1948
	color={
		241 13 61 
	}
	inland=yes
	outgoing={
		name="gujarat"
		path={
			4433 517 1337 
		}
		control={
			3521.000000 1273.000000 3509.000000 1287.000000 
		}
	}
	outgoing={
		name="comorin_cape"
		path={
			541 4422 4414 2026 
		}
		control={
			3555.000000 1210.000000 3559.000000 1195.000000 3572.000000 1178.000000 
		}
	}
	members={
		526 2056 2057 2093 4461 550 551 2092 4458 4460 532 2033 4428 2028 4438 4444 542 2037 4436 4439 527 4434 4453 569 1948 2035 4435 546 548 2050 4442 4443 1946 2034 4431 544 545 4432 4433 4437 
	}
}
comorin_cape={
	location=1340
	color={
		13 255 179 
	}
	outgoing={
		name="gulf_of_aden"
		path={
			1615 1451 
		}
		control={
			3455.000000 1144.000000 
		}
	}
	outgoing={
		name="gujarat"
		path={
			1339 2030 1337 
		}
		control={
			3519.000000 1177.000000 3523.000000 1221.000000 
		}
	}
	outgoing={
		name="cape_of_good_hope"
		path={
			1619 1621 1636 1626 1459 
		}
		control={
			3522.000000 1040.000000 3534.000000 891.000000 3392.000000 642.000000 3151.000000 567.000000 
		}
	}
	members={
		1340 2083 4418 4419 4420 539 540 1947 2027 4417 536 2101 4412 2100 4408 4409 572 2099 4407 574 1101 1248 1998 1999 538 2085 4414 2026 4415 4416 533 2031 4421 4422 4426 541 1949 2090 4423 4424 534 535 537 4410 4413 531 2029 2030 2032 4427 543 549 2084 2080 4425 
	}
}
gujarat={
	location=504
	color={
		135 104 85 
	}
	outgoing={
		name="gulf_of_aden"
		path={
			1336 1333 1332 
		}
		control={
			3402.000000 1322.000000 3367.000000 1273.000000 
		}
	}
	outgoing={
		name="hormuz"
		path={
			1336 1334 
		}
		control={
			3402.000000 1322.000000 
		}
	}
	outgoing={
		name="zanzibar"
		path={
			1336 1452 1451 1453 1447 
		}
		control={
			3402.000000 1322.000000 3425.000000 1233.000000 3352.000000 1147.000000 3328.000000 989.000000 
		}
	}
	members={
		518 2058 2087 4501 4462 512 4502 4507 2066 513 514 2067 4506 504 2088 4503 4504 505 2072 4505 529 530 2089 4429 515 521 2052 4454 4455 517 2036 4430 503 2053 4456 4480 516 2051 2054 4512 4457 
	}
}
katsina={
	location=1149
	color={
		215 56 56 
	}
	inland=yes
	outgoing={
		name="timbuktu"
		path={
			1148 2273 2269 1133 2262 1132 
		}
		control={
			2775.000000 1200.000000 2768.000000 1220.000000 2739.000000 1217.000000 2710.000000 1233.000000 2694.000000 1245.000000 
		}
	}
	outgoing={
		name="tunis"
		path={
			352 341 
		}
		control={
			2799.000000 1452.000000 
		}
	}
	outgoing={
		name="ethiopia"
		path={
			2800 2772 
		}
		control={
			3053.000000 1207.000000 
		}
	}
	members={
		1144 1146 1162 1145 1152 1153 1150 1154 1155 1156 1157 1158 1160 1161 1249 1149 1148 2273 2272 2274 2275 2276 2277 2278 2279 2280 2281 2282 2283 2284 2285 2286 2287 2288 2293 2475 1159 5393 5394 5395 5396 6018 6019 6022 6045 
	}
}
ethiopia={
	location=2772
	inland=yes
	outgoing={
		name="alexandria"
		path={
			1232 2321 361 358 
		}
		control={
			3108.000000 1275.000000 3079.000000 1346.000000 3047.000000 1400.000000 
		}
	}
	outgoing={
		name="gulf_of_aden"
		path={
			1213 1211 1212 4346 
		}
		control={
			3132.000000 1142.000000 3165.000000 1140.000000 3186.000000 1158.000000 
		}
	}
	members={
		774 1217 1218 1222 1228 2756 2757 2758 2759 2760 2761 2762 2763 2772 2791 2778 2785 2797 2766 2767 2769 2770 2771 2779 2780 2781 1224 1213 1223 1214 1216 1221 2800 2801 2802 1229 1225 1226 1227 1220 1207 1208 1210 2798 2799 1219 2776 2932 2777 4033 4051 4052 4158 6016 6046 6047 
	}
}
gulf_of_aden={
	location=4346
	outgoing={
		name="zanzibar"
		path={
			1446 1447 1448 
		}
		control={
			3284.000000 1109.000000 3239.000000 1016.000000 
		}
	}
	outgoing={
		name="alexandria"
		path={
			1330 1329 1328 361 358 
		}
		control={
			3213.000000 1177.000000 3146.000000 1253.000000 3099.000000 1343.000000 3047.000000 1400.000000 
		}
	}
	outgoing={
		name="hormuz"
		path={
			1332 1333 1334 
		}
		control={
			3319.000000 1222.000000 3367.000000 1273.000000 
		}
	}
	members={
		2324 2775 2782 2783 2786 2788 2789 2790 2793 2794 2795 2024 1205 1206 1209 1212 1215 1230 2765 2773 2792 2784 1211 2764 2787 1232 1331 1779 2768 401 2341 2342 402 1099 4284 387 2346 4279 390 2344 4281 388 2345 4280 386 391 4282 389 2343 4283 1328 1329 1330 4333 4346 
	}
}
hormuz={
	location=1334
	outgoing={
		name="basra"
		path={
			2219 1335 
		}
		control={
			3293.000000 1371.000000 
		}
	}
	members={
		397 398 404 2333 432 2220 2234 4345 434 575 2231 2232 2233 430 2219 2223 4332 2218 4329 4330 4331 403 4285 4287 399 400 4286 431 2999 1334 4347 
	}
}
zanzibar={
	location=1448
	color={
		130 17 17 
	}
	outgoing={
		name="cape_of_good_hope"
		path={
			1449 1456 1457 1458 1459 1460 
		}
		control={
			3194.000000 865.000000 3159.000000 761.000000 3114.000000 746.000000 3086.000000 655.000000 3036.000000 567.000000 
		}
	}
	members={
		1448 788 1100 1102 1103 1183 1186 1192 1193 1194 1195 1196 1197 1198 1199 1200 1201 1202 1203 1204 1792 2796 2774 4020 4021 4022 4023 4024 4025 4026 4027 4028 4029 4030 4031 4032 4049 3298 
	}
}
cape_of_good_hope={
	location=1460
	outgoing={
		name="ivory_coast"
		path={
			1461 1462 1463 1464 1465 1466 
		}
		control={
			2841.000000 624.000000 2816.000000 725.000000 2799.000000 853.000000 2786.000000 957.000000 2758.000000 1049.000000 
		}
	}
	members={
		1460 789 833 1174 1175 1176 1177 1178 1179 1180 1181 1182 1800 2856 2864 2880 4781 4782 4783 4784 5122 5123 5124 5125 5126 5127 6360 6361 6362 6363 6364 6365 5281 5283 5284 5285 5286 5287 5288 5289 5290 
	}
}
basra={
	location=1335
	outgoing={
		name="aleppo"
		path={
			408 409 406 382 377 
		}
		control={
			3215.000000 1413.000000 3174.000000 1438.000000 3149.000000 1455.000000 3098.000000 1446.000000 
		}
	}
	outgoing={
		name="persia"
		path={
			412 413 428 426 
		}
		control={
			3236.000000 1418.000000 3229.000000 1438.000000 3252.000000 1475.000000 
		}
	}
	members={
		1335 412 2217 4289 4290 4342 394 395 396 2340 2347 393 2338 4272 392 2337 4273 4274 2335 2336 2339 4275 408 2311 2312 4288 406 409 410 2310 4291 413 414 2209 2210 415 2211 4293 2334 4276 
	}
}
samarkand={
	location=454
	inland=yes
	outgoing={
		name="persia"
		path={
			442 441 438 437 427 426 
		}
		control={
			3375.000000 1538.000000 3345.000000 1546.000000 3304.000000 1544.000000 3298.000000 1522.000000 3292.000000 1481.000000 
		}
	}
	outgoing={
		name="astrakhan"
		path={
			442 440 443 470 464 
		}
		control={
			3375.000000 1538.000000 3328.000000 1578.000000 3267.000000 1576.000000 3237.000000 1645.000000 
		}
	}
	members={
		440 441 442 444 445 453 454 455 456 457 459 476 477 1967 1969 1970 1973 461 478 2126 2370 2362 2363 2356 2364 2368 2355 2360 2361 2358 2352 2351 2353 2359 458 2125 460 2350 437 438 439 443 2349 739 2124 2127 4210 1968 
	}
}
persia={
	location=4341
	color={
		204 119 31 
	}
	inland=yes
	outgoing={
		name="aleppo"
		path={
			1326 421 2202 2205 418 407 377 
		}
		control={
			3231.000000 1553.000000 3213.000000 1536.000000 3196.000000 1527.000000 3178.000000 1517.000000 3130.000000 1503.000000 3121.000000 1486.000000 
		}
	}
	outgoing={
		name="astrakhan"
		path={
			1326 421 425 2199 2208 
		}
		control={
			3231.000000 1553.000000 3213.000000 1536.000000 3208.000000 1552.000000 3192.000000 1576.000000 
		}
	}
	members={
		435 2224 2229 2230 436 4334 4336 446 4324 4325 2221 2235 2236 4326 417 426 2214 4339 4341 427 428 2213 2216 4337 429 433 2222 4335 4171 419 420 2202 2205 4302 421 424 4299 4305 4340 416 2206 2207 4304 2212 2215 4338 4179 4328 
	}
}
aleppo={
	location=377
	color={
		202 150 172 
	}
	outgoing={
		name="constantinople"
		path={
			1317 1848 322 317 1320 
		}
		control={
			3064.000000 1480.000000 3025.000000 1506.000000 3026.000000 1524.000000 3016.000000 1531.000000 
		}
	}
	outgoing={
		name="alexandria"
		path={
			1316 1315 358 
		}
		control={
			3061.000000 1445.000000 3015.000000 1440.000000 
		}
	}
	members={
		418 2306 2307 4296 377 1849 2313 4298 378 382 1855 4297 407 411 2309 2314 4292 332 2303 2308 4310 405 4270 4271 321 327 2302 323 324 2301 4307 
	}
}
alexandria={
	location=358
	color={
		200 200 102 
	}
	outgoing={
		name="constantinople"
		path={
			362 363 1316 1932 318 317 1320 
		}
		control={
			3038.000000 1420.000000 3052.000000 1415.000000 3061.000000 1445.000000 3020.000000 1472.000000 2994.000000 1515.000000 3016.000000 1531.000000 
		}
	}
	outgoing={
		name="venice"
		path={
			1315 1319 145 1773 144 143 1310 1309 1308 
		}
		control={
			3015.000000 1440.000000 2972.000000 1503.000000 2947.000000 1496.000000 2940.000000 1504.000000 2930.000000 1522.000000 2918.000000 1546.000000 2902.000000 1547.000000 2877.000000 1564.000000 
		}
	}
	outgoing={
		name="genua"
		path={
			357 1314 1313 1302 1303 1298 
		}
		control={
			2953.000000 1426.000000 2971.000000 1450.000000 2906.000000 1445.000000 2813.000000 1509.000000 2831.000000 1543.000000 
		}
	}
	members={
		1234 2322 2323 364 379 1854 384 2329 2330 383 2328 4268 4269 385 2331 2332 4277 4278 380 381 2327 365 2315 2320 2321 1233 2318 4323 358 362 363 361 2316 4316 4317 359 2317 4318 360 1231 2319 356 357 2325 2326 4321 5388 5389 5390 5391 5392 6014 6015 6043 6048 6050 
	}
}
astrakhan={
	location=464
	inland=yes
	outgoing={
		name="kazan"
		path={
			466 303 1081 1082 
		}
		control={
			3169.000000 1638.000000 3159.000000 1676.000000 3173.000000 1700.000000 
		}
	}
	outgoing={
		name="crimea"
		path={
			468 287 1323 
		}
		control={
			3147.000000 1624.000000 3106.000000 1606.000000 
		}
	}
	members={
		288 303 465 467 469 470 474 1971 2365 2367 2366 2409 2418 2419 472 471 464 466 468 2416 2417 302 304 2415 425 2198 2199 2208 4306 
	}
}
crimea={
	location=1322
	color={
		59 158 125 
	}
	outgoing={
		name="kiev"
		path={
			284 282 281 280 
		}
		control={
			3053.000000 1602.000000 3016.000000 1620.000000 2989.000000 1642.000000 
		}
	}
	outgoing={
		name="constantinople"
		path={
			1322 1321 1320 
		}
		control={
			3037.000000 1594.000000 3023.000000 1566.000000 
		}
	}
	outgoing={
		name="pest"
		path={
			4706 2998 4531 160 2746 156 1954 155 
		}
		control={
			3002.000000 1593.000000 2987.000000 1594.000000 2972.000000 1584.000000 2952.000000 1589.000000 2941.000000 1582.000000 2935.000000 1603.000000 2918.000000 1604.000000 
		}
	}
	members={
		1323 1322 462 1856 463 2201 2195 2197 282 1974 2406 286 287 2413 2414 284 285 2410 2447 283 2411 2412 330 331 2305 422 268 1756 2405 423 2203 4301 2196 2204 4303 4529 4530 
	}
}
constantinople={
	location=1320
	color={
		126 203 120 
	}
	outgoing={
		name="ragusa"
		path={
			149 1765 1766 138 137 
		}
		control={
			2980.000000 1546.000000 2949.000000 1563.000000 2926.000000 1562.000000 2912.000000 1564.000000 
		}
	}
	members={
		1320 149 151 1764 325 328 2299 2304 150 159 1765 2746 2750 329 1846 2300 4314 4315 316 317 2296 322 1848 4308 4311 318 319 2297 2298 4309 326 4312 4313 164 320 1319 2348 3003 4700 4703 4704 4705 4706 4779 
	}
}
kiev={
	location=280
	inland=yes
	outgoing={
		name="novgorod"
		path={
			292 275 311 310 
		}
		control={
			2999.000000 1701.000000 2991.000000 1727.000000 3000.000000 1759.000000 
		}
	}
	outgoing={
		name="krakow"
		path={
			279 260 262 
		}
		control={
			2968.000000 1667.000000 2939.000000 1669.000000 
		}
	}
	members={
		272 279 281 770 1937 1943 2962 277 278 1941 291 298 299 2408 293 297 4244 4245 296 300 280 1942 1944 4247 289 290 1945 2407 292 771 4246 276 4242 4538 4537 4536 4545 4544 4540 4539 4542 4543 269 4116 6410 
	}
}
kazan={
	location=1082
	inland=yes
	outgoing={
		name="novgorod"
		path={
			306 307 308 312 310 
		}
		control={
			3121.000000 1749.000000 3071.000000 1743.000000 3067.000000 1758.000000 3052.000000 1771.000000 
		}
	}
	members={
		306 1079 1083 1957 2421 4265 4267 475 1965 1966 2420 2444 473 1081 2423 1082 2422 4264 305 1962 1972 4266 
	}
}
novgorod={
	location=33
	color={
		97 126 37 
	}
	outgoing={
		name="baltic_sea"
		path={
			34 36 1926 
		}
		control={
			2987.000000 1769.000000 2949.000000 1764.000000 
		}
	}
	outgoing={
		name="white_sea"
		path={
			1261 309 1652 
		}
		control={
			3007.000000 1789.000000 3023.000000 1802.000000 
		}
	}
	members={
		30 32 309 4124 33 34 1961 274 275 1960 310 311 1959 2749 4260 294 1752 4243 4248 4249 301 1778 4255 295 4251 4252 307 4147 4253 308 1753 4117 4250 1754 1956 4254 312 4259 4261 
	}
}
cuiaba={
	location=800
	outgoing={
		name="laplata"
		path={
			800 1536 
		}
		control={
			2016.000000 832.000000 
		}
	}
	outgoing={
		name="lima"
		path={
			800 809 
		}
		control={
			2016.000000 832.000000 
		}
	}
	members={
		800 2902 2901 801 2835 2834 2838 794 2942 797 2941 2940 2946 795 793 2900 796 2840 2839 2837 792 791 2841 2836 802 804 2831 2947 803 2832 2833 775 776 799 2842 2882 2883 2888 2903 2904 2905 
	}
}
laplata={
	location=1536
	outgoing={
		name="brazil"
		path={
			1535 1534 1533 1532 1531 
		}
		control={
			2165.000000 616.000000 2205.000000 679.000000 2246.000000 727.000000 2284.000000 798.000000 
		}
	}
	members={
		772 773 777 778 779 790 1536 1095 2025 2843 2844 2845 2846 2847 2848 2849 2850 2851 2852 2853 2854 2855 2857 2858 2859 2860 2861 2865 2866 2877 2878 2879 2884 2887 6367 
	}
}
lima={
	location=809
	outgoing={
		name="panama"
		path={
			1545 1546 1547 1548 835 
		}
		control={
			1800.000000 884.000000 1770.000000 984.000000 1782.000000 1067.000000 1803.000000 1107.000000 
		}
	}
	members={
		812 2002 2821 2822 2826 816 817 819 820 2820 815 818 821 2823 2944 2945 813 2824 2825 2943 809 810 811 814 2827 807 808 2829 2830 805 806 2828 
	}
}
brazil={
	location=1531
	outgoing={
		name="ivory_coast"
		path={
			1596 1597 1586 1466 
		}
		control={
			2387.000000 828.000000 2534.000000 821.000000 2651.000000 950.000000 
		}
	}
	members={
		1531 750 751 753 754 755 756 757 758 759 760 761 762 763 764 765 766 768 769 2881 2885 2891 2892 2893 2894 2895 2896 2897 2898 2899 2906 2907 2908 2912 2913 2914 2915 2916 2917 2918 2919 2920 2921 2922 6368 6369 
	}
}
timbuktu={
	location=1132
	inland=yes
	outgoing={
		name="safi"
		path={
			1127 346 344 345 
		}
		control={
			2656.000000 1369.000000 2662.000000 1427.000000 2630.000000 1429.000000 
		}
	}
	outgoing={
		name="ivory_coast"
		path={
			2263 1135 2252 2255 2257 1466 
		}
		control={
			2676.000000 1213.000000 2675.000000 1191.000000 2668.000000 1163.000000 2668.000000 1121.000000 2681.000000 1105.000000 
		}
	}
	members={
		1115 2237 2240 1122 1125 1135 1137 2265 2266 1136 2256 2267 2252 2253 2254 2255 1138 2247 1120 1121 1124 1123 1131 1132 1134 1133 1142 2243 2244 2245 2246 2248 2249 2250 2259 2260 2261 2262 2263 2264 2268 2269 2270 1127 1128 1129 1130 2271 1140 1143 2291 2292 2295 5398 6011 6012 6013 6027 6028 6029 6051 6287 6288 
	}
}
ivory_coast={
	location=1466
	outgoing={
		name="carribean_trade"
		path={
			1467 1468 1584 1577 1576 1522 1520 1519 1517 1516 
		}
		control={
			2555.000000 1062.000000 2489.000000 960.000000 2384.000000 1014.000000 2243.000000 1102.000000 2122.000000 1195.000000 2032.000000 1171.000000 1976.000000 1173.000000 1927.000000 1182.000000 1873.000000 1208.000000 
		}
	}
	outgoing={
		name="bordeaux"
		path={
			1467 1469 1470 1471 1566 1563 
		}
		control={
			2555.000000 1062.000000 2471.000000 1146.000000 2472.000000 1263.000000 2522.000000 1372.000000 2510.000000 1469.000000 
		}
	}
	outgoing={
		name="english_channel"
		path={
			1467 1469 1470 1471 1566 1563 1272 1271 
		}
		control={
			2555.000000 1062.000000 2471.000000 1146.000000 2472.000000 1263.000000 2522.000000 1372.000000 2510.000000 1469.000000 2536.000000 1601.000000 2691.000000 1652.000000 
		}
	}
	outgoing={
		name="sevilla"
		path={
			1467 1469 1470 1471 1566 1563 1292 
		}
		control={
			2555.000000 1062.000000 2471.000000 1146.000000 2472.000000 1263.000000 2522.000000 1372.000000 2510.000000 1469.000000 2536.000000 1601.000000 
		}
	}
	members={
		1164 1165 1166 1096 2241 1466 1097 1098 1118 1119 1151 1163 2242 1168 1306 4078 4079 4080 1126 1139 1141 2257 2258 1147 2289 2290 2294 1111 1112 1113 1116 2239 1114 1117 2238 1167 1171 1172 5368 5130 6285 6286 
	}
}
tunis={
	location=341
	color={
		146 134 57 
	}
	outgoing={
		name="sevilla"
		path={
			340 339 1301 1294 1293 
		}
		control={
			2786.000000 1481.000000 2765.000000 1488.000000 2755.000000 1505.000000 2693.000000 1485.000000 
		}
	}
	outgoing={
		name="valencia"
		path={
			2455 1302 1301 1295 
		}
		control={
			2809.000000 1492.000000 2813.000000 1509.000000 2755.000000 1505.000000 
		}
	}
	outgoing={
		name="genua"
		path={
			1302 1300 1297 
		}
		control={
			2813.000000 1509.000000 2779.000000 1533.000000 
		}
	}
	members={
		355 339 340 341 350 351 352 353 354 1882 2448 2449 2450 2451 2452 2453 2454 2455 2456 2457 2458 2472 2473 2474 2954 5397 5399 6000 6001 6002 6003 6004 6017 6021 6024 6032 6034 6035 6036 6037 6038 6039 6040 6041 6042 6044 
	}
}
ragusa={
	location=137
	outgoing={
		name="pest"
		path={
			1831 3002 4755 4173 4126 
		}
		control={
			2907.000000 1570.000000 2907.000000 1580.000000 2909.000000 1587.000000 2912.000000 1597.000000 
		}
	}
	outgoing={
		name="venice"
		path={
			136 1308 
		}
		control={
			2884.000000 1570.000000 
		}
	}
	outgoing={
		name="genua"
		path={
			1310 1311 1307 1304 1303 1298 1297 
		}
		control={
			2902.000000 1547.000000 2905.000000 1517.000000 2889.000000 1491.000000 2857.000000 1522.000000 2831.000000 1543.000000 2805.000000 1567.000000 
		}
	}
	members={
		137 138 139 140 141 142 143 144 147 1766 1827 1831 1853 3000 3002 3001 4174 4175 4176 131 148 1828 136 1826 4239 145 146 163 1773 4702 4699 4698 4701 4750 4751 4752 4753 4755 4757 4780 
	}
}
safi={
	location=1110
	color={
		191 110 62 
	}
	outgoing={
		name="sevilla"
		path={
			342 1293 
		}
		control={
			2647.000000 1459.000000 
		}
	}
	members={
		344 345 346 347 348 1110 2460 2464 2466 2467 2468 2469 2470 342 343 349 2459 2462 2463 336 337 338 2461 2465 4564 4562 4568 5128 5129 5302 6005 6006 6007 6008 6009 6010 1793 6030 6031 6033 6025 6026 
	}
}
pest={
	location=153
	color={
		172 95 81 
	}
	inland=yes
	outgoing={
		name="wien"
		path={
			4240 135 
		}
		control={
			2897.000000 1622.000000 
		}
	}
	outgoing={
		name="krakow"
		path={
			1318 2960 
		}
		control={
			2913.000000 1644.000000 
		}
	}
	members={
		135 153 1864 4126 4240 155 1953 1954 4125 154 162 1318 1772 4236 157 158 1952 4127 156 1951 4128 152 1767 4173 4756 160 161 2998 4531 4532 
	}
}
krakow={
	location=262
	inland=yes
	outgoing={
		name="wien"
		path={
			263 4726 265 1770 
		}
		control={
			2897.000000 1659.000000 2893.000000 1649.000000 2885.000000 1650.000000 
		}
	}
	outgoing={
		name="saxony"
		path={
			263 264 1763 
		}
		control={
			2897.000000 1659.000000 2885.000000 1668.000000 
		}
	}
	outgoing={
		name="baltic_sea"
		path={
			258 255 1859 43 1927 1926 
		}
		control={
			2903.000000 1669.000000 2893.000000 1678.000000 2901.000000 1691.000000 2897.000000 1709.000000 2903.000000 1727.000000 
		}
	}
	members={
		258 259 260 261 262 263 264 1940 256 257 1938 1939 254 255 2424 2959 2960 2961 2966 4238 2963 1859 4523 4524 4526 4528 4525 4527 4533 4541 4723 
	}
}
wien={
	location=134
	color={
		220 220 220 
	}
	inland=yes
	outgoing={
		name="venice"
		path={
			132 128 1769 1308 4738 
		}
		control={
			2861.000000 1626.000000 2856.000000 1617.000000 2852.000000 1606.000000 2853.000000 1588.000000 
		}
	}
	outgoing={
		name="rheinland"
		path={
			133 64 1757 67 66 79 1876 
		}
		control={
			2857.000000 1634.000000 2844.000000 1637.000000 2839.000000 1651.000000 2830.000000 1649.000000 2831.000000 1656.000000 2817.000000 1657.000000 
		}
	}
	outgoing={
		name="saxony"
		path={
			1770 267 266 1771 61 59 
		}
		control={
			2873.000000 1641.000000 2851.000000 1652.000000 2862.000000 1657.000000 2859.000000 1664.000000 2852.000000 1669.000000 
		}
	}
	members={
		64 65 76 128 132 133 134 1757 1770 1863 2955 2956 2957 68 1868 70 1872 73 110 1768 4707 4708 4709 4710 4711 4712 4713 4758 4759 4760 4761 4762 265 4237 4726 
	}
}
saxony={
	location=61
	color={
		36 182 69 
	}
	inland=yes
	outgoing={
		name="rheinland"
		path={
			62 63 81 1876 
		}
		control={
			2833.000000 1670.000000 2827.000000 1663.000000 2806.000000 1663.000000 
		}
	}
	outgoing={
		name="lubeck"
		path={
			58 52 51 46 45 
		}
		control={
			2833.000000 1675.000000 2834.000000 1682.000000 2839.000000 1691.000000 2839.000000 1701.000000 
		}
	}
	members={
		49 50 57 62 63 1758 51 60 61 267 1759 1763 1771 52 58 59 2964 2965 2967 2971 2969 266 2968 2970 2993 4724 4725 4741 4742 4743 4744 4747 4748 4773 4778 
	}
}
baltic_sea={
	location=1926
	color={
		8 82 165 
	}
	outgoing={
		name="lubeck"
		path={
			1255 1257 45 
		}
		control={
			2888.000000 1750.000000 2866.000000 1718.000000 
		}
	}
	members={
		1926 1 2 3 4 5 1985 8 9 11 18 19 25 27 28 29 31 35 37 38 39 40 271 273 1930 1935 1936 41 42 43 1841 767 2958 2997 4113 4114 4123 4152 4166 270 36 1834 1842 4241 4534 
	}
}
rheinland={
	location=1876
	color={
		114 171 184 
	}
	inland=yes
	outgoing={
		name="champagne"
		path={
			83 1760 80 188 187 186 
		}
		control={
			2796.000000 1662.000000 2791.000000 1658.000000 2786.000000 1652.000000 2784.000000 1642.000000 2771.000000 1640.000000 
		}
	}
	outgoing={
		name="lubeck"
		path={
			1762 57 53 1857 45 
		}
		control={
			2814.000000 1667.000000 2819.000000 1676.000000 2820.000000 1689.000000 2822.000000 1696.000000 
		}
	}
	members={
		56 72 74 75 77 78 79 80 81 82 83 84 85 86 1760 1761 1869 1870 1876 1878 1880 2973 2975 166 1873 2972 1762 66 67 4714 4718 4715 4716 4717 71 69 4722 4765 4767 4768 4774 4775 
	}
}
panama={
	location=835
	outgoing={
		name="carribean_trade"
		path={
			1515 1517 1516 
		}
		control={
			1820.000000 1164.000000 1873.000000 1208.000000 
		}
	}
	members={
		840 2637 2640 2662 837 838 2660 2661 2663 826 835 836 2664 2819 828 2806 824 825 827 832 2817 2812 2814 2815 822 823 2816 2818 4605 4604 4607 4608 4603 4600 4601 4602 4599 4596 4595 4597 4592 4593 829 
	}
}
carribean_trade={
	location=1516
	outgoing={
		name="chesapeake_bay"
		path={
			1524 1503 1502 1501 1500 
		}
		control={
			1927.000000 1300.000000 1867.000000 1348.000000 1872.000000 1409.000000 1919.000000 1466.000000 
		}
	}
	outgoing={
		name="bordeaux"
		path={
			488 490 1526 1575 1583 1580 1567 1563 
		}
		control={
			1903.000000 1259.000000 1941.000000 1262.000000 1984.000000 1275.000000 2078.000000 1297.000000 2180.000000 1328.000000 2296.000000 1411.000000 2411.000000 1488.000000 
		}
	}
	outgoing={
		name="sevilla"
		path={
			488 490 1526 1575 1583 1580 1567 1563 1292 
		}
		control={
			1903.000000 1259.000000 1941.000000 1262.000000 1984.000000 1275.000000 2078.000000 1297.000000 2180.000000 1328.000000 2296.000000 1411.000000 2411.000000 1488.000000 2536.000000 1601.000000 
		}
	}
	members={
		927 928 2534 926 2535 2536 484 485 2656 486 2654 2655 488 489 490 2658 2659 487 481 491 492 482 483 493 494 495 496 1881 497 498 499 500 501 830 2807 2813 741 831 2808 834 2805 2809 2810 2939 1516 4626 4625 4624 4622 4623 4619 4618 4620 4621 4616 4615 4612 4613 4609 4611 4614 4610 
	}
}
chesapeake_bay={
	location=1500
	color={
		193 26 14 
	}
	outgoing={
		name="st_lawrence"
		path={
			965 963 969 2012 986 1490 
		}
		control={
			1955.000000 1547.000000 1962.000000 1566.000000 1976.000000 1576.000000 2002.000000 1603.000000 2071.000000 1639.000000 
		}
	}
	outgoing={
		name="english_channel"
		path={
			1570 1572 1582 1568 1564 1563 1272 1271 
		}
		control={
			2014.000000 1492.000000 2088.000000 1408.000000 2211.000000 1451.000000 2316.000000 1537.000000 2431.000000 1636.000000 2536.000000 1601.000000 2691.000000 1652.000000 
		}
	}
	members={
		1500 930 931 2537 2538 929 2539 2540 932 933 2541 2542 2543 937 2544 2545 938 2546 2547 2527 935 936 2548 949 2011 2552 950 952 2549 2550 953 2553 2554 956 957 962 2023 965 2558 2639 967 2010 2560 966 968 2561 970 2562 2564 4874 4877 4878 4879 4880 4881 4882 
	}
}
james_bay={
	location=1486
	color={
		97 220 117 
	}
	outgoing={
		name="st_lawrence"
		path={
			1000 1002 992 993 990 994 1490 
		}
		control={
			1961.000000 1670.000000 1953.000000 1641.000000 1951.000000 1610.000000 1973.000000 1607.000000 1992.000000 1619.000000 2012.000000 1625.000000 
		}
	}
	members={
		1486 998 999 1000 1003 1004 1005 1006 1008 1009 1010 1011 1813 2004 2005 2016 2017 2018 2589 2590 2591 2592 2593 2594 2595 2596 2597 2598 2599 2600 2601 2602 2603 2511 2588 1002 2006 2501 2502 2503 2510 906 909 4902 4919 4920 5004 5005 5010 5025 5058 5059 5060 5061 5062 5063 6053 6054 6055 6056 6057 6058 6059 6060 6061 6062 6063 6064 6065 6066 6067 6085 6086 6087 6088 6403 6397 
	}
}
greenland={
	location=5155
	color={
		225 225 225 
	}
	outgoing={
		name="st_lawrence"
		path={
			5271 5154 1484 1483 1493 
		}
		control={
			2267.000000 1857.000000 2219.000000 1858.000000 2174.000000 1801.000000 2199.000000 1739.000000 
		}
	}
	outgoing={
		name="north_sea"
		path={
			5271 1482 1924 1481 1480 1477 1476 1282 
		}
		control={
			2267.000000 1857.000000 2253.000000 1781.000000 2342.000000 1765.000000 2418.000000 1796.000000 2503.000000 1846.000000 2584.000000 1807.000000 2668.000000 1788.000000 
		}
	}
	members={
		1104 1105 1804 3009 5015 5016 3017 5064 5065 5066 5067 5068 5070 5071 5072 5073 5074 5155 6396 6398 6399 6400 6401 6402 5009 5017 
	}
}
st_lawrence={
	location=1490
	color={
		193 192 14 
	}
	outgoing={
		name="north_sea"
		path={
			1493 1496 1497 1498 1478 1476 1282 1975 
		}
		control={
			2205.000000 1678.000000 2276.000000 1705.000000 2368.000000 1715.000000 2505.000000 1750.000000 2613.000000 1763.000000 2668.000000 1788.000000 2697.000000 1763.000000 
		}
	}
	outgoing={
		name="bordeaux"
		path={
			1491 1494 1495 1565 1564 1479 1563 
		}
		control={
			2106.000000 1624.000000 2145.000000 1588.000000 2220.000000 1631.000000 2310.000000 1635.000000 2431.000000 1636.000000 2543.000000 1699.000000 
		}
	}
	members={
		996 2576 2577 2578 986 994 995 2582 2583 990 993 2584 2012 971 2013 2565 2566 2567 985 2570 2571 2572 980 981 2573 997 2574 2575 992 2579 2580 2581 2563 982 983 984 2568 2569 1490 969 4871 4890 4891 4892 4893 4894 4895 4897 
	}
}
svalbard={
	location=5168
	outgoing={
		name="north_sea"
		path={
			5267 1265 1473 1281 
		}
		control={
			2845.000000 1948.000000 2799.000000 1886.000000 2729.000000 1819.000000 
		}
	}
	outgoing={
		name="white_sea"
		path={
			1264 1263 
		}
		control={
			2913.000000 1910.000000 
		}
	}
	members={
		5075 5076 5077 5078 5168 5311 6370 6371 6373 6374 6375 6376 6377 
	}
}
white_sea={
	location=1652
	color={
		210 46 28 
	}
	outgoing={
		name="north_sea"
		path={
			1263 1264 1265 1929 1266 1975 
		}
		control={
			3050.000000 1914.000000 2913.000000 1910.000000 2799.000000 1886.000000 2780.000000 1813.000000 2772.000000 1761.000000 
		}
	}
	members={
		1652 315 1777 1963 4151 1077 1755 1964 4129 1955 4122 4256 4257 313 1776 1958 4258 314 4262 4263 
	}
}
north_sea={
	location=1975
	color={
		117 165 188 
	}
	outgoing={
		name="english_channel"
		path={
			1270 236 
		}
		control={
			2746.000000 1694.000000 
		}
	}
	outgoing={
		name="lubeck"
		path={
			1266 1267 1259 1258 45 
		}
		control={
			2772.000000 1761.000000 2813.000000 1755.000000 2830.000000 1739.000000 2843.000000 1720.000000 
		}
	}
	members={
		1975 1266 1280 1281 1282 1929 248 249 251 246 247 4361 4362 253 4364 4365 250 252 369 4110 4363 375 376 4119 373 374 4120 4379 372 4121 4380 4118 4377 4378 10 20 21 1978 1979 370 371 23 24 2752 4145 4375 244 
	}
}
lubeck={
	location=45
	color={
		190 70 70 
	}
	outgoing={
		name="english_channel"
		path={
			1857 44 1268 1269 
		}
		control={
			2822.000000 1696.000000 2815.000000 1698.000000 2790.000000 1718.000000 
		}
	}
	members={
		6 12 13 14 15 16 17 22 26 44 45 46 47 48 53 54 55 1775 1857 1874 1858 1981 1982 1983 1984 7 2994 2995 2996 4141 4142 4143 4144 4149 4163 4164 4165 4749 4745 4746 4771 4772 4786 
	}
}
bordeaux={
	location=1276
	color={
		36 132 247 
	}
	outgoing={
		name="champagne"
		path={
			1275 172 178 184 185 
		}
		control={
			2691.000000 1614.000000 2703.000000 1622.000000 2717.000000 1620.000000 2734.000000 1624.000000 
		}
	}
	members={
		1276 190 195 199 169 170 171 172 4384 194 198 180 4386 4387 173 209 210 174 175 176 177 178 4111 4112 4389 2989 4694 4697 4777 
	}
}
sevilla={
	location=1293
	color={
		57 160 101 
	}
	outgoing={
		name="valencia"
		path={
			4546 223 222 221 1295 
		}
		control={
			2662.000000 1493.000000 2670.000000 1496.000000 2688.000000 1499.000000 2697.000000 1511.000000 
		}
	}
	members={
		206 207 208 1746 215 216 231 232 1293 217 218 219 221 222 223 224 225 226 227 228 229 230 334 335 367 1745 1747 1748 1749 1751 1851 2754 2755 2751 4150 4546 4547 4548 4551 4552 4553 4554 4555 4556 4558 4561 4563 368 366 4565 4787 4788 4789 
	}
}
champagne={
	location=186
	color={
		193 26 14 
	}
	inland=yes
	outgoing={
		name="genua"
		path={
			187 193 203 204 2991 102 1298 
		}
		control={
			2771.000000 1640.000000 2777.000000 1621.000000 2764.000000 1601.000000 2775.000000 1593.000000 2780.000000 1583.000000 2790.000000 1582.000000 
		}
	}
	outgoing={
		name="english_channel"
		path={
			181 1866 92 1744 1269 
		}
		control={
			2764.000000 1651.000000 2766.000000 1658.000000 2765.000000 1665.000000 2762.000000 1669.000000 
		}
	}
	members={
		182 183 185 4388 179 184 4776 181 186 4390 187 188 189 165 1867 1871 91 93 94 1866 191 192 193 1877 4392 203 204 205 4719 4720 4721 4764 4766 
	}
}
valencia={
	location=1295
	color={
		87 70 168 
	}
	outgoing={
		name="genua"
		path={
			213 1296 1297 
		}
		control={
			2727.000000 1551.000000 2753.000000 1552.000000 
		}
	}
	members={
		1295 197 212 213 2987 2988 220 1750 4549 4550 211 214 2990 4557 333 4559 4560 196 200 2753 4391 4695 
	}
}
genua={
	location=1298
	color={
		218 215 56 
	}
	members={
		1298 124 125 126 2982 115 116 117 2978 2980 123 1934 2984 101 102 2992 103 1875 2981 127 1247 2986 201 202 2991 4696 4727 4735 4736 4737 118 2976 4731 4732 121 2983 4734 104 1862 2979 4740 
	}
	end=yes
}
venice={
	location=1308
	color={
		54 167 156 
	}
	members={
		105 106 107 108 109 111 112 113 114 119 120 122 129 130 1308 1769 1774 1933 2977 2985 4729 4730 4733 4738 4739 
	}
	end=yes
}
english_channel={
	location=1269
	color={
		220 138 57 
	}
	members={
		1269 1270 1271 167 168 1879 4385 87 88 89 1743 241 242 4366 4369 245 4367 4368 4785 239 240 4372 243 1860 1861 4370 4376 233 234 4130 4373 4374 235 236 237 238 4371 92 95 98 99 2974 96 97 4383 100 1931 4381 4382 90 1744 1865 4769 1742 
	}
	end=yes
}
